0.000000000000000000e+00
1.538920704642712245e+00
3.036160357036980173e+00
4.491718957182802896e+00
5.905596505080183078e+00
7.277793000729117168e+00
8.608308444129605164e+00
9.897142835281648843e+00
1.114429617418524820e+01
1.234976846084040680e+01
1.351355969524711398e+01
1.463566987740538394e+01
1.571609900731520071e+01
1.675484708497658204e+01
1.775191411038950662e+01
1.870730008355400287e+01
1.962100500447003881e+01
2.049302887313764288e+01
2.132337168955679729e+01
2.211203345372750917e+01
2.285901416564976785e+01
2.356431382532358754e+01
2.422793243274896469e+01
2.484986998792589574e+01
2.543012649085438071e+01
2.596870194153441957e+01
2.646559633996602301e+01
2.692080968614916969e+01
2.733434198008388449e+01
2.770619322177013544e+01
2.803636341120795450e+01
2.832485254839732747e+01
2.857166063333825079e+01
2.877678766603074578e+01
2.894023364647478402e+01
2.906199857467038328e+01
2.914208245061752933e+01
2.918048527431622929e+01
2.917720704576649737e+01
2.913224776496830515e+01
2.904560743192168459e+01
2.891728604662660373e+01
2.874728360908308034e+01
2.853560011929112505e+01
2.828223557725071657e+01
2.798718998296187266e+01
2.765046333642457910e+01
2.727205563763883944e+01
2.685196688660464659e+01
2.639019708332201830e+01
2.588674622779094392e+01
2.534161432001142700e+01
2.475480135998345688e+01
2.412630734770704066e+01
2.345613228318219612e+01
2.274427616640888772e+01
2.199073899738715454e+01
2.119552077611696461e+01
2.035862150259834280e+01
1.948004117683125713e+01
1.855977979881574313e+01
1.759783736855176173e+01
1.659421388603936265e+01
1.554890935127850504e+01
1.446192376426919246e+01
1.333325712501146754e+01
1.216290943350526454e+01
1.095088068975064566e+01
9.697170893747571796e+00
8.401780045496058946e+00
7.064708144996070693e+00
5.685955192247654111e+00
4.265521187250802093e+00
2.803406130005495100e+00
1.299610020511742681e+00
0.000000000000000000e+00
0.000000000000000000e+00
0.000000000000000000e+00
0.000000000000000000e+00
0.000000000000000000e+00
0.000000000000000000e+00
0.000000000000000000e+00
0.000000000000000000e+00
0.000000000000000000e+00
0.000000000000000000e+00
0.000000000000000000e+00
0.000000000000000000e+00
0.000000000000000000e+00
0.000000000000000000e+00
0.000000000000000000e+00
0.000000000000000000e+00
0.000000000000000000e+00
0.000000000000000000e+00
0.000000000000000000e+00
0.000000000000000000e+00
0.000000000000000000e+00
0.000000000000000000e+00
0.000000000000000000e+00
0.000000000000000000e+00
0.000000000000000000e+00
0.000000000000000000e+00
0.000000000000000000e+00
0.000000000000000000e+00
0.000000000000000000e+00
0.000000000000000000e+00
0.000000000000000000e+00
0.000000000000000000e+00
0.000000000000000000e+00
0.000000000000000000e+00
0.000000000000000000e+00
0.000000000000000000e+00
0.000000000000000000e+00
0.000000000000000000e+00
0.000000000000000000e+00
0.000000000000000000e+00
0.000000000000000000e+00
0.000000000000000000e+00
0.000000000000000000e+00
0.000000000000000000e+00
0.000000000000000000e+00
0.000000000000000000e+00
0.000000000000000000e+00
0.000000000000000000e+00
0.000000000000000000e+00
0.000000000000000000e+00
0.000000000000000000e+00
0.000000000000000000e+00
0.000000000000000000e+00
0.000000000000000000e+00
0.000000000000000000e+00
0.000000000000000000e+00
0.000000000000000000e+00
0.000000000000000000e+00
0.000000000000000000e+00
0.000000000000000000e+00
0.000000000000000000e+00
0.000000000000000000e+00
0.000000000000000000e+00
0.000000000000000000e+00
0.000000000000000000e+00
0.000000000000000000e+00
0.000000000000000000e+00
0.000000000000000000e+00
0.000000000000000000e+00
1.555863341170151681e+00
3.721904645130387213e+00
5.846264896842225944e+00
7.928944096305551525e+00
9.969942243520458547e+00
1.196925933848690171e+01
1.392689538120495030e+01
1.584285037167449239e+01
1.771712430989562392e+01
1.954971719586828982e+01
2.134062902959252739e+01
2.308985981106829399e+01
2.479740954029566069e+01
2.646327821727453866e+01
2.808746584200499541e+01
2.966997241448699896e+01
3.121079793472055641e+01
3.270994240270567133e+01
3.416740581844236146e+01
3.558318818193058064e+01
3.695728949317039991e+01
3.828970975216175532e+01
3.958044895890463977e+01
4.082950711339909589e+01
4.203688421564510236e+01
4.320258026564266629e+01
4.432659526339177347e+01
4.540892920889245943e+01
4.644958210214467442e+01
4.744855394314846109e+01
4.840584473190378390e+01
4.932145446841069258e+01
5.019538315266913742e+01
5.102763078467916102e+01
5.181819736444072788e+01
5.256708289195383799e+01
5.327428736721851266e+01
5.393981079023476610e+01
5.456365316100254859e+01
5.514581447952184590e+01
5.568629474579274330e+01
5.618509395981522658e+01
5.664221212158925312e+01
5.705764923111476605e+01
5.743140528839188619e+01
5.776348029342057799e+01
5.805387424620081305e+01
5.830258714673256293e+01
5.850961899501587737e+01
5.867496979105079902e+01
5.879863953483725680e+01
5.888062822637527916e+01
5.892093586566480212e+01
5.891956245270591808e+01
5.887650798749859860e+01
5.879177247004284368e+01
5.866535590033858938e+01
5.849725827838593517e+01
5.828747960418483842e+01
5.803601987773529203e+01
5.774287909903726046e+01
5.740805726809084319e+01
5.703155438489596918e+01
5.661337044945260999e+01
5.615350546176083668e+01
5.565195942182057820e+01
5.510873232963194113e+01
5.452382418519484020e+01
5.389723498850931094e+01
5.322896473957527519e+01
5.251901343839283243e+01
5.176738108496195423e+01
5.097406767928262639e+01
5.013907322135482048e+01
4.926239771117863597e+01
4.834404114875398051e+01
4.738400353408088250e+01
4.638228486715927090e+01
4.533888514798920966e+01
4.425380437657079824e+01
4.312704255290393718e+01
4.195859967698858384e+01
4.074847574882475953e+01
3.949667076841258506e+01
3.820318473575193252e+01
3.686801765084281612e+01
3.549116951368524298e+01
3.407264032427924860e+01
3.261243008262479748e+01
3.111053878872192513e+01
2.956696644257053919e+01
2.798171304417078886e+01
2.635477859352253205e+01
2.468616309062584335e+01
2.297586653548075830e+01
2.122388892808720584e+01
1.943023026844518242e+01
1.759489055655475909e+01
1.571786979241585236e+01
1.379916797602854750e+01
1.183878510739272372e+01
9.836721186508535553e+00
7.792976213375888861e+00
5.707550187994771207e+00
3.580443110365237214e+00
1.411654980487133892e+00
0.000000000000000000e+00
0.000000000000000000e+00
0.000000000000000000e+00
0.000000000000000000e+00
0.000000000000000000e+00
0.000000000000000000e+00
0.000000000000000000e+00
0.000000000000000000e+00
0.000000000000000000e+00
0.000000000000000000e+00
0.000000000000000000e+00
0.000000000000000000e+00
0.000000000000000000e+00
0.000000000000000000e+00
0.000000000000000000e+00
0.000000000000000000e+00
0.000000000000000000e+00
0.000000000000000000e+00
0.000000000000000000e+00
0.000000000000000000e+00
0.000000000000000000e+00
0.000000000000000000e+00
0.000000000000000000e+00
0.000000000000000000e+00
0.000000000000000000e+00
0.000000000000000000e+00
0.000000000000000000e+00
0.000000000000000000e+00
0.000000000000000000e+00
0.000000000000000000e+00
0.000000000000000000e+00
0.000000000000000000e+00
0.000000000000000000e+00
0.000000000000000000e+00
0.000000000000000000e+00
0.000000000000000000e+00
0.000000000000000000e+00
0.000000000000000000e+00
0.000000000000000000e+00
0.000000000000000000e+00
0.000000000000000000e+00
0.000000000000000000e+00
0.000000000000000000e+00
0.000000000000000000e+00
0.000000000000000000e+00
0.000000000000000000e+00
0.000000000000000000e+00
0.000000000000000000e+00
0.000000000000000000e+00
0.000000000000000000e+00
0.000000000000000000e+00
0.000000000000000000e+00
0.000000000000000000e+00
0.000000000000000000e+00
0.000000000000000000e+00
0.000000000000000000e+00
0.000000000000000000e+00
0.000000000000000000e+00
0.000000000000000000e+00
0.000000000000000000e+00
0.000000000000000000e+00
0.000000000000000000e+00
0.000000000000000000e+00
0.000000000000000000e+00
0.000000000000000000e+00
0.000000000000000000e+00
0.000000000000000000e+00
0.000000000000000000e+00
0.000000000000000000e+00
0.000000000000000000e+00
1.129121578077507015e+00
2.656881320500472654e+00
4.142960010674912041e+00
5.587357648601012805e+00
6.990074234278554677e+00
8.351109767707763254e+00
9.670464248888404057e+00
1.094813767782072134e+01
1.218413005450455877e+01
1.337844137893990215e+01
1.453107165112685095e+01
1.564202087106531280e+01
1.671128903875536764e+01
1.773887615419693375e+01
1.872478221739012128e+01
1.966900722833478810e+01
2.057155118703107988e+01
2.143241409347885451e+01
2.225159594767827542e+01
2.302909674962916142e+01
2.376491649933166883e+01
2.445905519678567686e+01
2.511151284199130274e+01
2.572228943494848252e+01
2.629138497565716648e+01
2.681879946411743987e+01
2.730453290032921743e+01
2.774858528429262350e+01
2.815095661600752663e+01
2.851164689547402276e+01
2.883065612269203015e+01
2.910798429766164830e+01
2.934363142038276351e+01
2.953759749085549657e+01
2.968988250907975868e+01
2.980048647505555692e+01
2.986940938878293750e+01
2.989665125026189685e+01
2.988221205949232839e+01
2.982609181647436003e+01
2.972829052120795623e+01
2.958880817369312766e+01
2.940764477392977483e+01
2.918480032191805407e+01
2.892027481765785524e+01
2.861406826114926361e+01
2.826618065239218325e+01
2.787661199138664259e+01
2.744536227813264873e+01
2.697243151263027627e+01
2.645781969487942575e+01
2.590152682488004032e+01
2.530355290263232604e+01
2.466389792813610882e+01
2.398256190139151300e+01
2.325954482239845333e+01
2.249484669115689073e+01
2.168846750766691400e+01
2.084040727192855869e+01
1.995066598394166846e+01
1.901924364370636411e+01
1.804614025122259591e+01
1.703135580649047753e+01
1.597489030950980116e+01
1.487674376028068224e+01
1.373691615880315275e+01
1.255540750507717007e+01
1.133221779910281590e+01
1.006734704087992327e+01
8.760795230408621848e+00
7.412562367688840581e+00
6.022648452720729573e+00
4.591053485504014375e+00
3.117777466038965883e+00
1.602820394325429776e+00
4.618227036349642489e-02
0.000000000000000000e+00
0.000000000000000000e+00
0.000000000000000000e+00
0.000000000000000000e+00
0.000000000000000000e+00
0.000000000000000000e+00
0.000000000000000000e+00
0.000000000000000000e+00
0.000000000000000000e+00
0.000000000000000000e+00
0.000000000000000000e+00
0.000000000000000000e+00
0.000000000000000000e+00
0.000000000000000000e+00
0.000000000000000000e+00
0.000000000000000000e+00
0.000000000000000000e+00
0.000000000000000000e+00
0.000000000000000000e+00
0.000000000000000000e+00
0.000000000000000000e+00
0.000000000000000000e+00
0.000000000000000000e+00
0.000000000000000000e+00
0.000000000000000000e+00
0.000000000000000000e+00
0.000000000000000000e+00
0.000000000000000000e+00
0.000000000000000000e+00
0.000000000000000000e+00
0.000000000000000000e+00
0.000000000000000000e+00
0.000000000000000000e+00
0.000000000000000000e+00
0.000000000000000000e+00
0.000000000000000000e+00
0.000000000000000000e+00
0.000000000000000000e+00
0.000000000000000000e+00
0.000000000000000000e+00
0.000000000000000000e+00
0.000000000000000000e+00
0.000000000000000000e+00
0.000000000000000000e+00
0.000000000000000000e+00
0.000000000000000000e+00
0.000000000000000000e+00
0.000000000000000000e+00
0.000000000000000000e+00
0.000000000000000000e+00
0.000000000000000000e+00
0.000000000000000000e+00
0.000000000000000000e+00
0.000000000000000000e+00
0.000000000000000000e+00
0.000000000000000000e+00
0.000000000000000000e+00
0.000000000000000000e+00
0.000000000000000000e+00
0.000000000000000000e+00
0.000000000000000000e+00
0.000000000000000000e+00
0.000000000000000000e+00
0.000000000000000000e+00
0.000000000000000000e+00
0.000000000000000000e+00
0.000000000000000000e+00
0.000000000000000000e+00
0.000000000000000000e+00
1.967656780045681231e-01
2.076060537573660270e+00
3.920740980524033859e+00
5.730807006855481056e+00
7.506258616568241671e+00
9.247095809662152277e+00
1.095331858613716491e+01
1.262492694599343324e+01
1.426192088923077250e+01
1.586430041584941719e+01
1.743206552584912927e+01
1.896521621923011480e+01
2.046375249599219970e+01
2.192767435613552962e+01
2.335698179965996246e+01
2.475167482656566520e+01
2.611175343685245664e+01
2.743721763052052154e+01
2.872806740756967159e+01
2.998430276800007022e+01
3.120592371181168190e+01
3.239293023900437163e+01
3.354532234957831349e+01
3.466310004353338314e+01
3.574626332086967295e+01
3.679481218158708344e+01
3.780874662568572830e+01
3.878806665316554358e+01
3.973277226402655060e+01
4.064286345826867830e+01
4.151834023589204037e+01
4.235920259689651601e+01
4.316545054128224734e+01
4.393708406904919173e+01
4.467410318019722126e+01
4.537650787472646385e+01
4.604429815263684844e+01
4.667747401392846029e+01
4.727603545860120704e+01
4.783998248665521658e+01
4.836931509809031837e+01
4.886403329290664743e+01
4.932413707110411139e+01
4.974962643268279550e+01
5.014050137764265713e+01
5.049676190598368208e+01
5.081840801770589877e+01
5.110543971280927877e+01
5.135785699129382209e+01
5.157565985315957136e+01
5.175884829840652657e+01
5.190742232703463088e+01
5.202138193904389851e+01
5.210072713443435788e+01
5.214545791320599477e+01
5.215557427535879498e+01
5.213107622089282955e+01
5.207196374980801323e+01
5.197823686210434602e+01
5.184989555778189896e+01
5.168693983684058679e+01
5.148936969928052321e+01
5.125718514510156609e+01
5.099038617430380071e+01
5.068897278688725550e+01
5.035294498285183096e+01
4.998230276219764079e+01
4.957704612492462815e+01
4.913717507103278592e+01
4.866268960052207859e+01
4.815358971339258431e+01
4.760987540964425335e+01
4.703154668927717097e+01
4.641860355229118795e+01
4.577104599868641799e+01
4.508887402846276160e+01
4.437208764162031116e+01
4.362068683815910219e+01
4.283467161807907075e+01
4.201404198138020263e+01
4.115879792806245518e+01
4.026893945812596343e+01
3.934446657157058524e+01
3.838537926839642012e+01
3.739167754860344672e+01
3.636336141219165086e+01
3.530043085916103962e+01
3.420288588951161302e+01
3.307072650324325025e+01
3.190395270035618935e+01
3.070256448085026335e+01
2.946656184472550422e+01
2.819594479198199366e+01
2.689071332261951142e+01
2.555086743663838433e+01
2.417640713403833530e+01
2.276733241481953129e+01
2.132364327898188350e+01
1.984533972652540612e+01
1.833242175745004232e+01
1.678488937175593421e+01
1.520274256944297875e+01
1.358598135051127898e+01
1.193460571496065015e+01
1.024861566279114555e+01
8.528011194003010331e+00
6.772792308595872335e+00
4.982959006570029992e+00
3.158511287925418465e+00
1.299449152661951601e+00
0.000000000000000000e+00
0.000000000000000000e+00
0.000000000000000000e+00
0.000000000000000000e+00
0.000000000000000000e+00
0.000000000000000000e+00
0.000000000000000000e+00
0.000000000000000000e+00
0.000000000000000000e+00
0.000000000000000000e+00
0.000000000000000000e+00
0.000000000000000000e+00
0.000000000000000000e+00
0.000000000000000000e+00
0.000000000000000000e+00
0.000000000000000000e+00
0.000000000000000000e+00
0.000000000000000000e+00
0.000000000000000000e+00
0.000000000000000000e+00
0.000000000000000000e+00
0.000000000000000000e+00
0.000000000000000000e+00
0.000000000000000000e+00
0.000000000000000000e+00
0.000000000000000000e+00
0.000000000000000000e+00
0.000000000000000000e+00
0.000000000000000000e+00
0.000000000000000000e+00
0.000000000000000000e+00
0.000000000000000000e+00
0.000000000000000000e+00
0.000000000000000000e+00
0.000000000000000000e+00
0.000000000000000000e+00
0.000000000000000000e+00
0.000000000000000000e+00
0.000000000000000000e+00
0.000000000000000000e+00
0.000000000000000000e+00
0.000000000000000000e+00
0.000000000000000000e+00
0.000000000000000000e+00
0.000000000000000000e+00
0.000000000000000000e+00
0.000000000000000000e+00
0.000000000000000000e+00
0.000000000000000000e+00
0.000000000000000000e+00
0.000000000000000000e+00
0.000000000000000000e+00
0.000000000000000000e+00
0.000000000000000000e+00
0.000000000000000000e+00
0.000000000000000000e+00
0.000000000000000000e+00
0.000000000000000000e+00
0.000000000000000000e+00
0.000000000000000000e+00
0.000000000000000000e+00
0.000000000000000000e+00
0.000000000000000000e+00
0.000000000000000000e+00
0.000000000000000000e+00
0.000000000000000000e+00
0.000000000000000000e+00
0.000000000000000000e+00
0.000000000000000000e+00
0.000000000000000000e+00
0.000000000000000000e+00
0.000000000000000000e+00
0.000000000000000000e+00
0.000000000000000000e+00
0.000000000000000000e+00
0.000000000000000000e+00
0.000000000000000000e+00
0.000000000000000000e+00
0.000000000000000000e+00
0.000000000000000000e+00
0.000000000000000000e+00
0.000000000000000000e+00
0.000000000000000000e+00
0.000000000000000000e+00
0.000000000000000000e+00
0.000000000000000000e+00
0.000000000000000000e+00
0.000000000000000000e+00
0.000000000000000000e+00
0.000000000000000000e+00
0.000000000000000000e+00
0.000000000000000000e+00
6.038522453159965719e-01
2.387589192066363886e+00
4.145768117466796632e+00
5.878389021517539170e+00
7.585451904218876606e+00
9.266956765570251164e+00
1.092290360557198703e+01
1.255329242422404867e+01
1.415812322152662617e+01
1.573739599747933049e+01
1.729111075208236414e+01
1.881926748533570759e+01
2.032186619723956511e+01
2.179890688779356012e+01
2.325038955699788445e+01
2.467631420485251681e+01
2.607668083135766679e+01
2.745148943651294360e+01
2.880074002031855329e+01
3.012443258277465574e+01
3.142256712388090989e+01
3.269514364363745074e+01
3.394216214204436710e+01
3.516362261910174425e+01
3.635952507480927665e+01
3.752986950916715614e+01
3.867465592217533299e+01
3.979388431383399194e+01
4.088755468414284167e+01
4.195566703310199586e+01
4.299822136071160372e+01
4.401521766697141658e+01
4.500665595188154811e+01
4.597253621544199831e+01
4.691285845765288798e+01
4.782762267851398974e+01
4.871682887802539597e+01
4.958047705618715639e+01
5.041856721299932786e+01
5.123109934846170432e+01
5.201807346257437814e+01
5.277948955533742037e+01
5.351534762675087364e+01
5.422564767681455322e+01
5.491038970552855147e+01
5.556957371289296077e+01
5.620319969890761058e+01
5.681126766357256486e+01
5.739377760688788044e+01
5.795072952885357154e+01
5.848212342946951026e+01
5.898795930873574633e+01
5.946823716665237214e+01
5.992295700321928109e+01
6.035211881843655135e+01
6.075572261230409055e+01
6.113376838482199815e+01
6.148625613599019601e+01
6.181318586580876229e+01
6.211455757427758329e+01
6.239037126139679401e+01
6.264062692716626657e+01
6.286532457158610754e+01
6.306446419465621034e+01
6.323804579637670997e+01
6.338606937674748565e+01
6.350853493576857289e+01
6.360544247344004276e+01
6.367679198976173893e+01
6.372258348473384615e+01
6.374281695835620098e+01
6.373749241062896687e+01
6.370660984155197326e+01
6.365016925112536228e+01
6.356817063934904866e+01
6.346061400622305371e+01
6.332749935174740585e+01
6.316882667592206957e+01
6.298459597874696669e+01
6.277480726022227486e+01
6.253946052034791592e+01
6.227855575912391828e+01
6.199209297655010431e+01
6.168007217262667297e+01
6.134249334735362424e+01
6.097935650073078762e+01
6.059066163275837624e+01
6.017640874343623381e+01
5.973659783276448110e+01
5.927122890074289785e+01
5.878030194737171854e+01
5.826381697265092896e+01
5.772177397658047227e+01
5.715417295916021345e+01
5.656101392039028752e+01
5.594229686027079396e+01
5.529802177880165459e+01
5.462818867598263495e+01
5.393279755181403345e+01
5.321184840629580748e+01
5.246534123942792860e+01
5.169327605121013391e+01
5.089565284164288528e+01
5.007247161072598374e+01
4.922373235845928718e+01
4.834943508484286667e+01
4.744957978987694958e+01
4.652416647356133694e+01
4.557319513589590088e+01
4.459666577688079769e+01
4.359457839651611266e+01
4.256693299480178894e+01
4.151372957173765599e+01
4.043496812732384171e+01
3.933064866156045980e+01
3.820077117444743919e+01
3.704533566598443883e+01
3.586434213617204136e+01
3.465779058500994836e+01
3.342568101249811718e+01
3.216801341863646968e+01
3.088478780342537888e+01
2.957600416686459965e+01
2.824166250895399699e+01
2.688176282969372721e+01
2.549630512908386493e+01
2.408528940712438882e+01
2.264871566381509638e+01
2.118658389915605511e+01
1.969889411314757410e+01
1.818564630578939045e+01
1.664684047708115600e+01
1.508247662702359193e+01
1.349255475561641049e+01
1.187707486285946601e+01
1.023603694875253112e+01
8.569441013296270171e+00
6.877287056490331452e+00
5.159575078334622589e+00
3.416305078829054764e+00
1.647477057974096937e+00
0.000000000000000000e+00
0.000000000000000000e+00
0.000000000000000000e+00
0.000000000000000000e+00
0.000000000000000000e+00
0.000000000000000000e+00
0.000000000000000000e+00
0.000000000000000000e+00
0.000000000000000000e+00
0.000000000000000000e+00
0.000000000000000000e+00
0.000000000000000000e+00
0.000000000000000000e+00
0.000000000000000000e+00
0.000000000000000000e+00
0.000000000000000000e+00
0.000000000000000000e+00
0.000000000000000000e+00
0.000000000000000000e+00
0.000000000000000000e+00
0.000000000000000000e+00
0.000000000000000000e+00
0.000000000000000000e+00
0.000000000000000000e+00
0.000000000000000000e+00
0.000000000000000000e+00
0.000000000000000000e+00
0.000000000000000000e+00
0.000000000000000000e+00
0.000000000000000000e+00
0.000000000000000000e+00
0.000000000000000000e+00
0.000000000000000000e+00
0.000000000000000000e+00
0.000000000000000000e+00
0.000000000000000000e+00
0.000000000000000000e+00
0.000000000000000000e+00
0.000000000000000000e+00
0.000000000000000000e+00
0.000000000000000000e+00
0.000000000000000000e+00
0.000000000000000000e+00
0.000000000000000000e+00
0.000000000000000000e+00
0.000000000000000000e+00
0.000000000000000000e+00
0.000000000000000000e+00
0.000000000000000000e+00
0.000000000000000000e+00
0.000000000000000000e+00
0.000000000000000000e+00
0.000000000000000000e+00
0.000000000000000000e+00
0.000000000000000000e+00
0.000000000000000000e+00
0.000000000000000000e+00
0.000000000000000000e+00
0.000000000000000000e+00
0.000000000000000000e+00
0.000000000000000000e+00
0.000000000000000000e+00
0.000000000000000000e+00
0.000000000000000000e+00
0.000000000000000000e+00
0.000000000000000000e+00
0.000000000000000000e+00
0.000000000000000000e+00
0.000000000000000000e+00
0.000000000000000000e+00
0.000000000000000000e+00
0.000000000000000000e+00
0.000000000000000000e+00
0.000000000000000000e+00
0.000000000000000000e+00
0.000000000000000000e+00
0.000000000000000000e+00
0.000000000000000000e+00
0.000000000000000000e+00
0.000000000000000000e+00
0.000000000000000000e+00
0.000000000000000000e+00
0.000000000000000000e+00
0.000000000000000000e+00
0.000000000000000000e+00
0.000000000000000000e+00
0.000000000000000000e+00
0.000000000000000000e+00
0.000000000000000000e+00
0.000000000000000000e+00
0.000000000000000000e+00
0.000000000000000000e+00
1.143528540206389721e+00
2.384320793005144878e+00
3.599555024454211605e+00
4.789231234553781746e+00
5.953349423303521348e+00
7.091909590703558308e+00
8.204911736753928153e+00
9.292355861454794308e+00
1.035424196480580861e+01
1.139057004680714869e+01
1.240134010745880033e+01
1.338655214676094829e+01
1.434620616471324439e+01
1.528030216131586627e+01
1.618884013656894183e+01
1.707182009047224369e+01
1.792924202302584291e+01
1.876110593422976081e+01
1.956741182408411817e+01
2.034815969258869472e+01
2.110334953974358996e+01
2.183298136554879676e+01
2.253705517000442171e+01
2.321557095311031560e+01
2.386852871486649263e+01
2.449592845527307361e+01
2.509777017432990220e+01
2.567405387203707789e+01
2.622477954839453318e+01
2.674994720340240661e+01
2.724955683706050991e+01
2.772360844936898872e+01
2.817210204032775778e+01
2.859503760993689170e+01
2.899241515819632298e+01
2.936423468510606227e+01
2.971049619066611669e+01
3.003119967487653952e+01
3.032634513773725971e+01
3.059593257924829146e+01
3.083996199940967387e+01
3.105843339822133231e+01
3.125134677568335562e+01
3.141870213179565852e+01
3.156049946655832272e+01
3.167673877997127363e+01
3.176742007203458229e+01
3.183254334274819897e+01
3.187210859211212366e+01
3.188611582012640255e+01
3.187456502679098236e+01
3.183745621210587018e+01
3.177478937607109799e+01
3.168656451868666579e+01
3.157278163995253806e+01
3.143344073986869702e+01
3.126854181843521729e+01
3.107808487565207400e+01
3.086206991151924228e+01
3.062049692603667950e+01
3.035336591920452420e+01
3.006067689102262008e+01
2.974242984149109859e+01
2.939862477060980694e+01
2.902926167837895122e+01
2.863434056479835021e+01
2.821386142986808565e+01
2.776782427358810423e+01
2.729622909595852320e+01
2.679907589697922887e+01
2.627636467665019282e+01
2.572809543497154650e+01
2.515426817194323661e+01
2.455488288756524184e+01
2.392993958183748049e+01
2.327943825476017281e+01
2.260337890633313052e+01
2.190176153655643532e+01
2.117458614542994511e+01
2.042185273295392989e+01
1.964356129912816584e+01
1.883971184395277731e+01
1.801030436742755469e+01
1.715533886955280707e+01
1.627481535032837812e+01
1.536873380975415415e+01
1.443709424783037498e+01
1.347989666455687541e+01
1.249714105993369984e+01
1.148882743396078965e+01
1.045495578663826564e+01
9.395526117966099378e+00
8.310538427944212714e+00
7.199992716572554130e+00
6.063888983851350112e+00
4.902227229780453222e+00
3.715007454359757766e+00
2.502229657589496892e+00
1.263893839469561797e+00
0.000000000000000000e+00
