0.000000000000000000e+00
0.000000000000000000e+00
0.000000000000000000e+00
0.000000000000000000e+00
0.000000000000000000e+00
0.000000000000000000e+00
0.000000000000000000e+00
0.000000000000000000e+00
0.000000000000000000e+00
0.000000000000000000e+00
0.000000000000000000e+00
0.000000000000000000e+00
0.000000000000000000e+00
0.000000000000000000e+00
0.000000000000000000e+00
0.000000000000000000e+00
0.000000000000000000e+00
0.000000000000000000e+00
0.000000000000000000e+00
0.000000000000000000e+00
0.000000000000000000e+00
0.000000000000000000e+00
0.000000000000000000e+00
0.000000000000000000e+00
0.000000000000000000e+00
0.000000000000000000e+00
0.000000000000000000e+00
0.000000000000000000e+00
0.000000000000000000e+00
0.000000000000000000e+00
0.000000000000000000e+00
0.000000000000000000e+00
0.000000000000000000e+00
0.000000000000000000e+00
0.000000000000000000e+00
0.000000000000000000e+00
0.000000000000000000e+00
0.000000000000000000e+00
0.000000000000000000e+00
0.000000000000000000e+00
0.000000000000000000e+00
0.000000000000000000e+00
0.000000000000000000e+00
0.000000000000000000e+00
0.000000000000000000e+00
0.000000000000000000e+00
0.000000000000000000e+00
0.000000000000000000e+00
0.000000000000000000e+00
0.000000000000000000e+00
0.000000000000000000e+00
0.000000000000000000e+00
0.000000000000000000e+00
0.000000000000000000e+00
0.000000000000000000e+00
0.000000000000000000e+00
0.000000000000000000e+00
0.000000000000000000e+00
0.000000000000000000e+00
0.000000000000000000e+00
0.000000000000000000e+00
0.000000000000000000e+00
0.000000000000000000e+00
0.000000000000000000e+00
0.000000000000000000e+00
0.000000000000000000e+00
0.000000000000000000e+00
0.000000000000000000e+00
0.000000000000000000e+00
0.000000000000000000e+00
0.000000000000000000e+00
0.000000000000000000e+00
0.000000000000000000e+00
0.000000000000000000e+00
0.000000000000000000e+00
-2.458671412304301584e-01
-1.833025355221073571e+00
-3.461864621460145397e+00
-5.132384939947676195e+00
-6.844586310683639319e+00
-8.598468733668058306e+00
-1.039403220890092250e+01
-1.223127673638224522e+01
-1.411020231611198383e+01
-1.603080894809018986e+01
-1.799309663231678513e+01
-1.999706536879189755e+01
-2.204271515751539567e+01
-2.413004599848737897e+01
-2.625905789170782612e+01
-2.842975083717666251e+01
-3.064212483489396988e+01
-3.289617988485970557e+01
-3.519191598707389090e+01
-3.752933314153651168e+01
-3.990843134824761762e+01
-4.232921060720716611e+01
-4.479167091841514292e+01
-4.729581228187156228e+01
-4.984163469757641707e+01
-5.242913816552970729e+01
-5.505832268573148980e+01
-5.772918825818164379e+01
-6.044173488288029716e+01
-6.319596255982741440e+01
-6.599187128902292443e+01
-6.882946107046691964e+01
-7.170873190415929344e+01
-7.462968379010018793e+01
-7.759231672828943260e+01
-8.059663071872725482e+01
-8.364262576141344141e+01
-8.673030185634806344e+01
-8.626521899682566641e+01
-8.280706507316362774e+01
-7.939059220175008136e+01
-7.601580038258495620e+01
-7.268268961566829489e+01
-6.939125990099998376e+01
-6.614151123858020753e+01
-6.293344362840885964e+01
-5.976705707048596850e+01
-5.664235156481150568e+01
-5.355932711138549962e+01
-5.051798371020792899e+01
-4.751832136127876538e+01
-4.456034006459808694e+01
-4.164403982016585104e+01
-3.876942062798207189e+01
-3.593648248804672818e+01
-3.314522540035982701e+01
-3.039564936492137193e+01
-2.768775438173130965e+01
-2.502154045078974320e+01
-2.239700757209662996e+01
-1.981415574565194859e+01
-1.727298497145572043e+01
-1.477349524950794013e+01
-1.231568657980859172e+01
-9.899558962357664527e+00
-7.525112397155210964e+00
-5.192346884201201718e+00
-2.901262423495635012e+00
-6.518590150385188409e-01
0.000000000000000000e+00
0.000000000000000000e+00
0.000000000000000000e+00
0.000000000000000000e+00
0.000000000000000000e+00
0.000000000000000000e+00
0.000000000000000000e+00
0.000000000000000000e+00
0.000000000000000000e+00
0.000000000000000000e+00
0.000000000000000000e+00
0.000000000000000000e+00
0.000000000000000000e+00
0.000000000000000000e+00
0.000000000000000000e+00
0.000000000000000000e+00
0.000000000000000000e+00
0.000000000000000000e+00
0.000000000000000000e+00
0.000000000000000000e+00
0.000000000000000000e+00
0.000000000000000000e+00
0.000000000000000000e+00
0.000000000000000000e+00
0.000000000000000000e+00
0.000000000000000000e+00
0.000000000000000000e+00
0.000000000000000000e+00
0.000000000000000000e+00
0.000000000000000000e+00
0.000000000000000000e+00
0.000000000000000000e+00
0.000000000000000000e+00
0.000000000000000000e+00
0.000000000000000000e+00
0.000000000000000000e+00
0.000000000000000000e+00
0.000000000000000000e+00
0.000000000000000000e+00
0.000000000000000000e+00
0.000000000000000000e+00
0.000000000000000000e+00
0.000000000000000000e+00
0.000000000000000000e+00
0.000000000000000000e+00
0.000000000000000000e+00
0.000000000000000000e+00
0.000000000000000000e+00
0.000000000000000000e+00
0.000000000000000000e+00
0.000000000000000000e+00
0.000000000000000000e+00
0.000000000000000000e+00
0.000000000000000000e+00
0.000000000000000000e+00
0.000000000000000000e+00
0.000000000000000000e+00
0.000000000000000000e+00
0.000000000000000000e+00
0.000000000000000000e+00
0.000000000000000000e+00
0.000000000000000000e+00
0.000000000000000000e+00
0.000000000000000000e+00
0.000000000000000000e+00
0.000000000000000000e+00
0.000000000000000000e+00
0.000000000000000000e+00
0.000000000000000000e+00
0.000000000000000000e+00
0.000000000000000000e+00
0.000000000000000000e+00
0.000000000000000000e+00
0.000000000000000000e+00
0.000000000000000000e+00
0.000000000000000000e+00
0.000000000000000000e+00
0.000000000000000000e+00
0.000000000000000000e+00
0.000000000000000000e+00
0.000000000000000000e+00
0.000000000000000000e+00
0.000000000000000000e+00
0.000000000000000000e+00
0.000000000000000000e+00
0.000000000000000000e+00
0.000000000000000000e+00
0.000000000000000000e+00
0.000000000000000000e+00
0.000000000000000000e+00
0.000000000000000000e+00
0.000000000000000000e+00
0.000000000000000000e+00
0.000000000000000000e+00
0.000000000000000000e+00
0.000000000000000000e+00
0.000000000000000000e+00
0.000000000000000000e+00
0.000000000000000000e+00
0.000000000000000000e+00
0.000000000000000000e+00
0.000000000000000000e+00
0.000000000000000000e+00
0.000000000000000000e+00
0.000000000000000000e+00
0.000000000000000000e+00
-7.988142016392671962e-01
-3.050964436014297565e+00
-5.344795722637588398e+00
-7.680308061509387940e+00
-1.005750145262960693e+01
-1.247637589599822938e+01
-1.493693139161531391e+01
-1.743916793948087829e+01
-1.998308553959490652e+01
-2.256868419195739150e+01
-2.519596389656829061e+01
-2.786492465342760383e+01
-3.057556646253537735e+01
-3.332788932389161829e+01
-3.612189323749633019e+01
-3.895757820334944910e+01
-4.183494422145098923e+01
-4.475399129180097191e+01
-4.771471941439954634e+01
-5.071712858924649225e+01
-5.376121881634176702e+01
-5.684699009568553407e+01
-5.997444242727773656e+01
-6.314357581111842421e+01
-6.635439024720757573e+01
-6.960688573554507741e+01
-7.290106227613105716e+01
-7.623691986896548656e+01
-7.961445851404860719e+01
-8.303367821137997851e+01
-8.649457896095971421e+01
-8.999716076278789956e+01
-8.781140835009134094e+01
-8.469976862222750924e+01
-8.162980994661212719e+01
-7.860153232324519479e+01
-7.561493575212671203e+01
-7.267002023325666471e+01
-6.976678576663506703e+01
-6.690523235226191900e+01
-6.408535999013720641e+01
-6.130716868026092925e+01
-5.857065842263302358e+01
-5.587582921725365992e+01
-5.322268106412272459e+01
-5.061121396324024602e+01
-4.804142791460620998e+01
-4.551332291822060228e+01
-4.302689897408345132e+01
-4.058215608219475001e+01
-3.817909424255440598e+01
-3.581771345516266791e+01
-3.349801372001922317e+01
-3.121999503712435953e+01
-2.898365740647779987e+01
-2.678900082807983907e+01
-2.463602530193017870e+01
-2.252473082802908522e+01
-2.045511740637630993e+01
-1.842718503697211219e+01
-1.644093371981622553e+01
-1.449636345490891820e+01
-1.259347424224993084e+01
-1.073226608183937714e+01
-8.912738973677408083e+00
-7.134892917763758113e+00
-5.398727914098676806e+00
-3.704243962681907032e+00
-2.051441063513710805e+00
-4.403192165938246139e-01
0.000000000000000000e+00
0.000000000000000000e+00
0.000000000000000000e+00
0.000000000000000000e+00
0.000000000000000000e+00
0.000000000000000000e+00
0.000000000000000000e+00
0.000000000000000000e+00
0.000000000000000000e+00
0.000000000000000000e+00
0.000000000000000000e+00
0.000000000000000000e+00
0.000000000000000000e+00
0.000000000000000000e+00
0.000000000000000000e+00
0.000000000000000000e+00
0.000000000000000000e+00
0.000000000000000000e+00
0.000000000000000000e+00
0.000000000000000000e+00
0.000000000000000000e+00
0.000000000000000000e+00
0.000000000000000000e+00
0.000000000000000000e+00
0.000000000000000000e+00
0.000000000000000000e+00
0.000000000000000000e+00
0.000000000000000000e+00
0.000000000000000000e+00
0.000000000000000000e+00
0.000000000000000000e+00
0.000000000000000000e+00
0.000000000000000000e+00
0.000000000000000000e+00
0.000000000000000000e+00
0.000000000000000000e+00
0.000000000000000000e+00
0.000000000000000000e+00
0.000000000000000000e+00
0.000000000000000000e+00
0.000000000000000000e+00
0.000000000000000000e+00
0.000000000000000000e+00
0.000000000000000000e+00
0.000000000000000000e+00
0.000000000000000000e+00
0.000000000000000000e+00
0.000000000000000000e+00
0.000000000000000000e+00
0.000000000000000000e+00
0.000000000000000000e+00
0.000000000000000000e+00
0.000000000000000000e+00
0.000000000000000000e+00
0.000000000000000000e+00
0.000000000000000000e+00
0.000000000000000000e+00
0.000000000000000000e+00
0.000000000000000000e+00
0.000000000000000000e+00
0.000000000000000000e+00
0.000000000000000000e+00
0.000000000000000000e+00
0.000000000000000000e+00
0.000000000000000000e+00
0.000000000000000000e+00
0.000000000000000000e+00
0.000000000000000000e+00
0.000000000000000000e+00
0.000000000000000000e+00
0.000000000000000000e+00
0.000000000000000000e+00
0.000000000000000000e+00
0.000000000000000000e+00
0.000000000000000000e+00
0.000000000000000000e+00
-1.552136905846967840e+00
-3.192137134305720547e+00
-4.873818415013162486e+00
-6.597180747968904413e+00
-8.362224133173068452e+00
-1.016894857062573188e+01
-1.201735406032678988e+01
-1.390744060227638812e+01
-1.583920819647424771e+01
-1.781265684292073459e+01
-1.982778654161553078e+01
-2.188459729255893649e+01
-2.398308909575060710e+01
-2.612326195119084105e+01
-2.830511585887939319e+01
-3.052865081881661524e+01
-3.279386683100204181e+01
-3.510076389543607434e+01
-3.744934201211853519e+01
-3.983960118104930359e+01
-4.227154140222874901e+01
-4.474516267565638827e+01
-4.726046500133266903e+01
-4.981744837925717917e+01
-5.241611280943042317e+01
-5.505645829185182549e+01
-5.773848482652190484e+01
-6.046219241344019935e+01
-6.322758105260712114e+01
-6.603465074402238599e+01
-6.888340148768624260e+01
-7.177383328359853465e+01
-7.470594613175900633e+01
-7.767974003216825452e+01
-8.069521498482561128e+01
-8.375237098973177297e+01
-8.123865241093616874e+01
-7.821708180294584167e+01
-7.523012561157450762e+01
-7.227778383682181129e+01
-6.936005647868812218e+01
-6.647694353717307081e+01
-6.362844501227703375e+01
-6.081456090399964154e+01
-5.803529121234122812e+01
-5.529063593730146664e+01
-5.258059507888052053e+01
-4.990516863707858164e+01
-4.726435661189528048e+01
-4.465815900333097943e+01
-4.208657581138532322e+01
-3.954960703605866712e+01
-3.704725267735064875e+01
-3.457951273526163760e+01
-3.214638720979126418e+01
-2.974787610093988022e+01
-2.738397940870715885e+01
-2.505469713309341628e+01
-2.276002927409833632e+01
-2.049997583172222093e+01
-1.827453680596478591e+01
-1.608371219682617692e+01
-1.392750200430653784e+01
-1.180590622840556492e+01
-9.718924869123572563e+00
-7.666557926460239258e+00
-5.648805400415882083e+00
-3.665667290990190175e+00
-1.717143598183469955e+00
0.000000000000000000e+00
0.000000000000000000e+00
0.000000000000000000e+00
0.000000000000000000e+00
0.000000000000000000e+00
0.000000000000000000e+00
0.000000000000000000e+00
0.000000000000000000e+00
0.000000000000000000e+00
0.000000000000000000e+00
0.000000000000000000e+00
0.000000000000000000e+00
0.000000000000000000e+00
0.000000000000000000e+00
0.000000000000000000e+00
0.000000000000000000e+00
0.000000000000000000e+00
0.000000000000000000e+00
0.000000000000000000e+00
0.000000000000000000e+00
0.000000000000000000e+00
0.000000000000000000e+00
0.000000000000000000e+00
0.000000000000000000e+00
0.000000000000000000e+00
0.000000000000000000e+00
0.000000000000000000e+00
0.000000000000000000e+00
0.000000000000000000e+00
0.000000000000000000e+00
0.000000000000000000e+00
0.000000000000000000e+00
0.000000000000000000e+00
0.000000000000000000e+00
0.000000000000000000e+00
0.000000000000000000e+00
0.000000000000000000e+00
0.000000000000000000e+00
0.000000000000000000e+00
0.000000000000000000e+00
0.000000000000000000e+00
0.000000000000000000e+00
0.000000000000000000e+00
0.000000000000000000e+00
0.000000000000000000e+00
0.000000000000000000e+00
0.000000000000000000e+00
0.000000000000000000e+00
0.000000000000000000e+00
0.000000000000000000e+00
0.000000000000000000e+00
0.000000000000000000e+00
0.000000000000000000e+00
0.000000000000000000e+00
0.000000000000000000e+00
0.000000000000000000e+00
0.000000000000000000e+00
0.000000000000000000e+00
0.000000000000000000e+00
0.000000000000000000e+00
0.000000000000000000e+00
0.000000000000000000e+00
0.000000000000000000e+00
0.000000000000000000e+00
0.000000000000000000e+00
0.000000000000000000e+00
0.000000000000000000e+00
0.000000000000000000e+00
0.000000000000000000e+00
0.000000000000000000e+00
0.000000000000000000e+00
0.000000000000000000e+00
0.000000000000000000e+00
0.000000000000000000e+00
0.000000000000000000e+00
0.000000000000000000e+00
0.000000000000000000e+00
0.000000000000000000e+00
0.000000000000000000e+00
0.000000000000000000e+00
0.000000000000000000e+00
0.000000000000000000e+00
0.000000000000000000e+00
0.000000000000000000e+00
0.000000000000000000e+00
0.000000000000000000e+00
0.000000000000000000e+00
0.000000000000000000e+00
0.000000000000000000e+00
0.000000000000000000e+00
0.000000000000000000e+00
0.000000000000000000e+00
0.000000000000000000e+00
0.000000000000000000e+00
0.000000000000000000e+00
0.000000000000000000e+00
0.000000000000000000e+00
0.000000000000000000e+00
0.000000000000000000e+00
0.000000000000000000e+00
0.000000000000000000e+00
0.000000000000000000e+00
0.000000000000000000e+00
0.000000000000000000e+00
0.000000000000000000e+00
0.000000000000000000e+00
0.000000000000000000e+00
0.000000000000000000e+00
0.000000000000000000e+00
0.000000000000000000e+00
-5.942273992205038269e-01
-2.522518367721607646e+00
-4.485423752841693812e+00
-6.482943554580436363e+00
-8.515077772937974743e+00
-1.058182640791435780e+01
-1.268318945950976229e+01
-1.481916692772375121e+01
-1.698975881255677933e+01
-1.919496511400865302e+01
-2.143478583207890154e+01
-2.370922096676844504e+01
-2.601827051807655522e+01
-2.836193448600367617e+01
-3.074021287054946328e+01
-3.315310567171400891e+01
-3.560061288949746228e+01
-3.808273452389986602e+01
-4.059947057492089328e+01
-4.315082104256097040e+01
-4.573678592681961419e+01
-4.835736522769717283e+01
-5.101255894519348999e+01
-5.370236707930882858e+01
-5.642678963004299675e+01
-5.918582659739602292e+01
-6.197947798136741682e+01
-6.480774378195782504e+01
-6.767062399916709126e+01
-7.056811863299554943e+01
-7.350022768344247481e+01
-7.646695115050815161e+01
-7.946828903419266510e+01
-8.250424133449629949e+01
-8.557480805141842950e+01
-8.867998918495945304e+01
-9.181978473511924221e+01
-9.499419470189832282e+01
-9.820321908529558641e+01
-1.014468578853117862e+02
-1.047251111019474052e+02
-1.080379787352012784e+02
-1.113854607850740166e+02
-1.147675572515655773e+02
-1.150717543059136574e+02
-1.120612323343790138e+02
-1.090762683841940941e+02
-1.061168624553588415e+02
-1.031830145478728724e+02
-1.002747246617369541e+02
-9.739199279695073130e+01
-9.453481895351377773e+01
-9.170320313142691759e+01
-8.889714533068972457e+01
-8.611664555130219867e+01
-8.336170379326398461e+01
-8.063232005657582135e+01
-7.792849434123731100e+01
-7.525022664724852461e+01
-7.259751697460903586e+01
-6.997036532331956948e+01
-6.736877169337977023e+01
-6.479273608478968072e+01
-6.224225849754891016e+01
-5.971733893165815488e+01
-5.721797738711707382e+01
-5.474417386392535434e+01
-5.229592836208362883e+01
-4.987324088159159885e+01
-4.747611142244923599e+01
-4.510453998465622050e+01
-4.275852656821321318e+01
-4.043807117311986588e+01
-3.814317379937622832e+01
-3.587383444698193813e+01
-3.363005311593763480e+01
-3.141182980624301280e+01
-2.921916451789805436e+01
-2.705205725090250368e+01
-2.491050800525690789e+01
-2.279451678096097922e+01
-2.070408357801446897e+01
-1.863920839641790650e+01
-1.659989123617102891e+01
-1.458613209727382198e+01
-1.259793097972601572e+01
-1.063528788352816790e+01
-8.698202808679976528e+00
-6.786675755181478920e+00
-4.900706723032410395e+00
-3.040295712233259451e+00
-1.205442722783797826e+00
0.000000000000000000e+00
0.000000000000000000e+00
0.000000000000000000e+00
0.000000000000000000e+00
0.000000000000000000e+00
0.000000000000000000e+00
0.000000000000000000e+00
0.000000000000000000e+00
0.000000000000000000e+00
0.000000000000000000e+00
0.000000000000000000e+00
0.000000000000000000e+00
0.000000000000000000e+00
0.000000000000000000e+00
0.000000000000000000e+00
0.000000000000000000e+00
0.000000000000000000e+00
0.000000000000000000e+00
0.000000000000000000e+00
0.000000000000000000e+00
0.000000000000000000e+00
0.000000000000000000e+00
0.000000000000000000e+00
0.000000000000000000e+00
0.000000000000000000e+00
0.000000000000000000e+00
0.000000000000000000e+00
0.000000000000000000e+00
0.000000000000000000e+00
0.000000000000000000e+00
0.000000000000000000e+00
0.000000000000000000e+00
0.000000000000000000e+00
0.000000000000000000e+00
0.000000000000000000e+00
0.000000000000000000e+00
0.000000000000000000e+00
0.000000000000000000e+00
0.000000000000000000e+00
0.000000000000000000e+00
0.000000000000000000e+00
0.000000000000000000e+00
0.000000000000000000e+00
0.000000000000000000e+00
0.000000000000000000e+00
0.000000000000000000e+00
0.000000000000000000e+00
0.000000000000000000e+00
0.000000000000000000e+00
0.000000000000000000e+00
0.000000000000000000e+00
0.000000000000000000e+00
0.000000000000000000e+00
0.000000000000000000e+00
0.000000000000000000e+00
0.000000000000000000e+00
0.000000000000000000e+00
0.000000000000000000e+00
0.000000000000000000e+00
0.000000000000000000e+00
0.000000000000000000e+00
0.000000000000000000e+00
0.000000000000000000e+00
0.000000000000000000e+00
0.000000000000000000e+00
0.000000000000000000e+00
0.000000000000000000e+00
0.000000000000000000e+00
0.000000000000000000e+00
0.000000000000000000e+00
0.000000000000000000e+00
0.000000000000000000e+00
0.000000000000000000e+00
0.000000000000000000e+00
0.000000000000000000e+00
0.000000000000000000e+00
0.000000000000000000e+00
0.000000000000000000e+00
0.000000000000000000e+00
0.000000000000000000e+00
0.000000000000000000e+00
0.000000000000000000e+00
0.000000000000000000e+00
0.000000000000000000e+00
0.000000000000000000e+00
0.000000000000000000e+00
0.000000000000000000e+00
0.000000000000000000e+00
0.000000000000000000e+00
0.000000000000000000e+00
0.000000000000000000e+00
0.000000000000000000e+00
0.000000000000000000e+00
0.000000000000000000e+00
0.000000000000000000e+00
0.000000000000000000e+00
0.000000000000000000e+00
0.000000000000000000e+00
0.000000000000000000e+00
0.000000000000000000e+00
0.000000000000000000e+00
0.000000000000000000e+00
0.000000000000000000e+00
0.000000000000000000e+00
0.000000000000000000e+00
0.000000000000000000e+00
0.000000000000000000e+00
0.000000000000000000e+00
0.000000000000000000e+00
0.000000000000000000e+00
0.000000000000000000e+00
0.000000000000000000e+00
0.000000000000000000e+00
0.000000000000000000e+00
0.000000000000000000e+00
0.000000000000000000e+00
0.000000000000000000e+00
0.000000000000000000e+00
0.000000000000000000e+00
0.000000000000000000e+00
0.000000000000000000e+00
0.000000000000000000e+00
0.000000000000000000e+00
0.000000000000000000e+00
0.000000000000000000e+00
0.000000000000000000e+00
0.000000000000000000e+00
0.000000000000000000e+00
0.000000000000000000e+00
0.000000000000000000e+00
0.000000000000000000e+00
0.000000000000000000e+00
0.000000000000000000e+00
0.000000000000000000e+00
0.000000000000000000e+00
0.000000000000000000e+00
0.000000000000000000e+00
0.000000000000000000e+00
0.000000000000000000e+00
0.000000000000000000e+00
0.000000000000000000e+00
-1.469089842305386640e-01
-1.966853047784947961e+00
-3.812355132689209114e+00
-5.683415238942931325e+00
-7.580033366546263807e+00
-9.502209515499661308e+00
-1.144994368580239552e+01
-1.342323587745473645e+01
-1.542208609045691325e+01
-1.744649432480893836e+01
-1.949646058051036945e+01
-2.157198485756147477e+01
-2.367306715596234667e+01
-2.579970747571307754e+01
-2.795190581681320197e+01
-3.012966217926313561e+01
-3.233297656306264400e+01
-3.456184896821206820e+01
-3.681627939471088951e+01
-3.909626784255952003e+01
-4.140181431175803084e+01
-4.373291880230591033e+01
-4.608958131420341431e+01
-4.847180184745075593e+01
-5.087958040204796362e+01
-5.331291697799454710e+01
-5.577181157529075506e+01
-5.825626419393685040e+01
-6.076627483393281182e+01
-6.330184349527803533e+01
-6.586297017797301123e+01
-6.844965488201773951e+01
-7.106189760741246175e+01
-7.369969835415645321e+01
-7.636305712225018283e+01
-7.905197391169392063e+01
-8.176644872248704132e+01
-8.450648155462964439e+01
-8.727207240812214195e+01
-9.006322128296463347e+01
-9.287992817915626631e+01
-9.572219309669776521e+01
-9.348256132057345269e+01
-9.096386800029050335e+01
-8.847073270135756218e+01
-8.600315542377428812e+01
-8.356113616754039697e+01
-8.114467493265648557e+01
-7.875377171912225549e+01
-7.638842652693772095e+01
-7.404863935610251247e+01
-7.173441020661732637e+01
-6.944573907848180738e+01
-6.718262597169595551e+01
-6.494507088625948654e+01
-6.273307382217300443e+01
-6.054663477943618943e+01
-5.838575375804906287e+01
-5.625043075801131920e+01
-5.414066577932353397e+01
-5.205645882198544427e+01
-4.999780988599672327e+01
-4.796471897135798912e+01
-4.595718607806891498e+01
-4.397521120612951506e+01
-4.201879435553952646e+01
-4.008793552629949630e+01
-3.818263471840913326e+01
-3.630289193186844443e+01
-3.444870716667718114e+01
-3.262008042283585496e+01
-3.081701170034419590e+01
-2.903950099920221462e+01
-2.728754831940968728e+01
-2.556115366096706154e+01
-2.386031702387411357e+01
-2.218503840813062666e+01
-2.053531781373702358e+01
-1.891115524069311959e+01
-1.731255068899887561e+01
-1.573950415865410690e+01
-1.419201564965921847e+01
-1.267008516201400425e+01
-1.117371269571847847e+01
-9.702898250772420852e+00
-8.257641827176250615e+00
-6.837943424929740388e+00
-5.443803044032932803e+00
-4.075220684485593381e+00
-2.732196346288141342e+00
-1.414730029440349313e+00
-1.228217339420680787e-01
0.000000000000000000e+00
0.000000000000000000e+00
0.000000000000000000e+00
0.000000000000000000e+00
0.000000000000000000e+00
0.000000000000000000e+00
0.000000000000000000e+00
0.000000000000000000e+00
0.000000000000000000e+00
0.000000000000000000e+00
0.000000000000000000e+00
0.000000000000000000e+00
0.000000000000000000e+00
0.000000000000000000e+00
0.000000000000000000e+00
0.000000000000000000e+00
0.000000000000000000e+00
0.000000000000000000e+00
0.000000000000000000e+00
0.000000000000000000e+00
0.000000000000000000e+00
0.000000000000000000e+00
0.000000000000000000e+00
0.000000000000000000e+00
0.000000000000000000e+00
0.000000000000000000e+00
0.000000000000000000e+00
0.000000000000000000e+00
0.000000000000000000e+00
0.000000000000000000e+00
0.000000000000000000e+00
0.000000000000000000e+00
0.000000000000000000e+00
0.000000000000000000e+00
0.000000000000000000e+00
0.000000000000000000e+00
0.000000000000000000e+00
0.000000000000000000e+00
0.000000000000000000e+00
0.000000000000000000e+00
0.000000000000000000e+00
0.000000000000000000e+00
0.000000000000000000e+00
0.000000000000000000e+00
0.000000000000000000e+00
0.000000000000000000e+00
0.000000000000000000e+00
0.000000000000000000e+00
0.000000000000000000e+00
0.000000000000000000e+00
0.000000000000000000e+00
0.000000000000000000e+00
0.000000000000000000e+00
0.000000000000000000e+00
0.000000000000000000e+00
0.000000000000000000e+00
0.000000000000000000e+00
0.000000000000000000e+00
0.000000000000000000e+00
0.000000000000000000e+00
0.000000000000000000e+00
0.000000000000000000e+00
0.000000000000000000e+00
0.000000000000000000e+00
0.000000000000000000e+00
0.000000000000000000e+00
0.000000000000000000e+00
0.000000000000000000e+00
0.000000000000000000e+00
0.000000000000000000e+00
0.000000000000000000e+00
0.000000000000000000e+00
0.000000000000000000e+00
0.000000000000000000e+00
0.000000000000000000e+00
0.000000000000000000e+00
0.000000000000000000e+00
0.000000000000000000e+00
0.000000000000000000e+00
0.000000000000000000e+00
0.000000000000000000e+00
0.000000000000000000e+00
0.000000000000000000e+00
0.000000000000000000e+00
0.000000000000000000e+00
0.000000000000000000e+00
0.000000000000000000e+00
0.000000000000000000e+00
0.000000000000000000e+00
0.000000000000000000e+00
0.000000000000000000e+00
0.000000000000000000e+00
0.000000000000000000e+00
0.000000000000000000e+00
0.000000000000000000e+00
0.000000000000000000e+00
0.000000000000000000e+00
0.000000000000000000e+00
0.000000000000000000e+00
0.000000000000000000e+00
